%YAML:1.0
---
m: !!opencv-matrix
   rows: 4
   cols: 9
   dt: f
   data: [ 0., 0., 1.33854952e-32, 0., 0., 0., 0., 0., 0., 0.,
       -6.82067750e+05, 0., 1.33847429e-32, 0., 0., 0., 0., 0., 0., 0.,
       1.33847429e-32, 0., 0., 0., 0., 0., -895154., 0., 0., 0.,
       -1.84009443e+23, 0., -1.84012613e+23, 0., -1.84012037e+23, 0. ]
